% Intrinsic and Extrinsic Camera Parameters
%
% This script file can be directly excecuted under Matlab to recover the camera intrinsic and extrinsic parameters.
% IMPORTANT: This file contains neither the structure of the calibration objects nor the image coordinates of the calibration points.
%            All those complementary variables are saved in the complete matlab data file Calib_Results.mat.
% For more information regarding the calibration model visit http://www.vision.caltech.edu/bouguetj/calib_doc/


%-- Focal length:
fc = [ 376.640671835121623 ; 374.717314717286399 ];

%-- Principal point:
cc = [ 320.575465044257840 ; 247.855625994468880 ];

%-- Skew coefficient:
alpha_c = 0.000000000000000;

%-- Distortion coefficients:
kc = [ -0.307466988855910 ; 0.102997786500671 ; -0.000246065175147 ; -0.000066086212288 ; -0.016125286172880 ];

%-- Focal length uncertainty:
fc_error = [ 0.838533588975637 ; 0.839368982718719 ];

%-- Principal point uncertainty:
cc_error = [ 0.839889248410929 ; 0.788723407150206 ];

%-- Skew coefficient uncertainty:
alpha_c_error = 0.000000000000000;

%-- Distortion coefficients uncertainty:
kc_error = [ 0.001512440691030 ; 0.001450026956919 ; 0.000170083862469 ; 0.000125895425660 ; 0.000399213563645 ];

%-- Image size:
nx = 640;
ny = 480;


%-- Various other variables (may be ignored if you do not use the Matlab Calibration Toolbox):
%-- Those variables are used to control which intrinsic parameters should be optimized

n_ima = 25;						% Number of calibration images
est_fc = [ 1 ; 1 ];					% Estimation indicator of the two focal variables
est_aspect_ratio = 1;				% Estimation indicator of the aspect ratio fc(2)/fc(1)
center_optim = 1;					% Estimation indicator of the principal point
est_alpha = 0;						% Estimation indicator of the skew coefficient
est_dist = [ 1 ; 1 ; 1 ; 1 ; 1 ];	% Estimation indicator of the distortion coefficients


%-- Extrinsic parameters:
%-- The rotation (omc_kk) and the translation (Tc_kk) vectors for every calibration image and their uncertainties

%-- Image #1:
omc_1 = [ 1.238312e-01 ; 2.682049e+00 ; 1.693225e-01 ];
Tc_1  = [ 4.192682e-02 ; -2.141956e-01 ; 3.527046e-01 ];
omc_error_1 = [ 1.518536e-03 ; 3.083540e-03 ; 5.277036e-03 ];
Tc_error_1  = [ 8.649722e-04 ; 7.506270e-04 ; 9.748202e-04 ];

%-- Image #2:
omc_2 = [ 1.314904e-01 ; 2.659107e+00 ; 2.021398e-01 ];
Tc_2  = [ 3.443948e-02 ; -2.269670e-01 ; 3.397716e-01 ];
omc_error_2 = [ 1.532377e-03 ; 3.146204e-03 ; 5.106126e-03 ];
Tc_error_2  = [ 8.474676e-04 ; 7.292302e-04 ; 9.559913e-04 ];

%-- Image #3:
omc_3 = [ 1.215196e-01 ; 2.352717e+00 ; -9.380495e-01 ];
Tc_3  = [ -2.310038e-02 ; 6.417624e-02 ; 4.800597e-01 ];
omc_error_3 = [ 1.703178e-03 ; 3.432047e-03 ; 4.184796e-03 ];
Tc_error_3  = [ 1.099681e-03 ; 1.048468e-03 ; 8.388225e-04 ];

%-- Image #4:
omc_4 = [ 1.379450e-01 ; 2.322597e+00 ; -9.424366e-01 ];
Tc_4  = [ -4.140306e-02 ; 7.273010e-02 ; 4.769676e-01 ];
omc_error_4 = [ 1.761271e-03 ; 3.514868e-03 ; 4.225327e-03 ];
Tc_error_4  = [ 1.101983e-03 ; 1.051949e-03 ; 8.485277e-04 ];

%-- Image #5:
omc_5 = [ 2.134898e-01 ; 2.514513e+00 ; -3.505999e-01 ];
Tc_5  = [ -2.357176e-02 ; -1.302580e-01 ; 4.374258e-01 ];
omc_error_5 = [ 1.593950e-03 ; 3.199791e-03 ; 4.603373e-03 ];
Tc_error_5  = [ 1.021627e-03 ; 9.041399e-04 ; 9.193015e-04 ];

%-- Image #6:
omc_6 = [ 3.189916e-01 ; 2.537296e+00 ; -2.270294e-01 ];
Tc_6  = [ -2.673301e-02 ; -1.923696e-01 ; 4.183682e-01 ];
omc_error_6 = [ 1.556478e-03 ; 3.148506e-03 ; 4.542723e-03 ];
Tc_error_6  = [ 1.004113e-03 ; 8.711137e-04 ; 9.596249e-04 ];

%-- Image #7:
omc_7 = [ 9.884093e-02 ; 2.376116e+00 ; -6.895724e-01 ];
Tc_7  = [ -5.478749e-02 ; 2.440857e-02 ; 4.910877e-01 ];
omc_error_7 = [ 1.884448e-03 ; 3.632401e-03 ; 4.904660e-03 ];
Tc_error_7  = [ 1.137462e-03 ; 1.057236e-03 ; 9.093705e-04 ];

%-- Image #8:
omc_8 = [ 3.338611e-02 ; 2.659587e+00 ; -8.606578e-01 ];
Tc_8  = [ 1.138349e-01 ; 7.257620e-02 ; 4.848325e-01 ];
omc_error_8 = [ 1.594258e-03 ; 3.929318e-03 ; 5.733593e-03 ];
Tc_error_8  = [ 1.086500e-03 ; 1.084888e-03 ; 1.024557e-03 ];

%-- Image #9:
omc_9 = [ 2.398873e-02 ; 2.837702e+00 ; -9.250543e-01 ];
Tc_9  = [ 1.163416e-01 ; 7.685242e-02 ; 4.629199e-01 ];
omc_error_9 = [ 1.627325e-03 ; 4.390457e-03 ; 6.908398e-03 ];
Tc_error_9  = [ 1.039761e-03 ; 1.054871e-03 ; 1.126129e-03 ];

%-- Image #10:
omc_10 = [ 3.119588e-01 ; -2.853698e+00 ; 9.213972e-01 ];
Tc_10  = [ 3.761433e-01 ; 1.016429e-01 ; 3.750909e-01 ];
omc_error_10 = [ 1.893608e-03 ; 4.048656e-03 ; 6.232879e-03 ];
Tc_error_10  = [ 9.073035e-04 ; 1.022673e-03 ; 1.366872e-03 ];

%-- Image #11:
omc_11 = [ 3.143955e-01 ; -2.861858e+00 ; 8.984483e-01 ];
Tc_11  = [ 3.775681e-01 ; 9.574456e-02 ; 3.703760e-01 ];
omc_error_11 = [ 1.868729e-03 ; 3.999789e-03 ; 6.192213e-03 ];
Tc_error_11  = [ 8.957695e-04 ; 1.010622e-03 ; 1.361640e-03 ];

%-- Image #12:
omc_12 = [ 9.991805e-02 ; -2.885545e+00 ; 1.230366e+00 ];
Tc_12  = [ 1.844693e-01 ; 6.040265e-02 ; 5.549254e-01 ];
omc_error_12 = [ 1.918858e-03 ; 4.477883e-03 ; 6.206809e-03 ];
Tc_error_12  = [ 1.241815e-03 ; 1.257788e-03 ; 1.382904e-03 ];

%-- Image #13:
omc_13 = [ 2.303268e-01 ; 2.515668e+00 ; 6.336262e-02 ];
Tc_13  = [ -2.848568e-02 ; -2.604489e-01 ; 5.345957e-01 ];
omc_error_13 = [ 2.204413e-03 ; 4.440589e-03 ; 6.810065e-03 ];
Tc_error_13  = [ 1.322487e-03 ; 1.141123e-03 ; 1.304634e-03 ];

%-- Image #14:
omc_14 = [ 3.032285e-01 ; 2.820250e+00 ; 3.517272e-01 ];
Tc_14  = [ 9.111844e-02 ; -2.890289e-01 ; 4.543045e-01 ];
omc_error_14 = [ 1.836044e-03 ; 5.006080e-03 ; 9.198261e-03 ];
Tc_error_14  = [ 1.119970e-03 ; 1.003287e-03 ; 1.435839e-03 ];

%-- Image #15:
omc_15 = [ 2.943027e-02 ; -2.781514e+00 ; 1.915215e-01 ];
Tc_15  = [ 1.784594e-01 ; -1.433481e-01 ; 3.001053e-01 ];
omc_error_15 = [ 1.384358e-03 ; 3.203763e-03 ; 5.249307e-03 ];
Tc_error_15  = [ 7.431950e-04 ; 6.761571e-04 ; 1.040615e-03 ];

%-- Image #16:
omc_16 = [ 7.906422e-02 ; -2.626012e+00 ; 2.155245e-01 ];
Tc_16  = [ 2.396987e-01 ; -1.342366e-01 ; 2.402932e-01 ];
omc_error_16 = [ 1.451773e-03 ; 3.003780e-03 ; 4.590377e-03 ];
Tc_error_16  = [ 6.724711e-04 ; 5.943709e-04 ; 9.919955e-04 ];

%-- Image #17:
omc_17 = [ 1.838859e-01 ; -2.521979e+00 ; 2.444063e-01 ];
Tc_17  = [ 2.764653e-01 ; -1.160673e-01 ; 2.531505e-01 ];
omc_error_17 = [ 1.664076e-03 ; 3.266264e-03 ; 4.922725e-03 ];
Tc_error_17  = [ 7.535106e-04 ; 6.441094e-04 ; 1.091026e-03 ];

%-- Image #18:
omc_18 = [ -1.600810e-02 ; -2.451045e+00 ; -4.999447e-01 ];
Tc_18  = [ 2.731189e-01 ; -2.148476e-01 ; 2.263311e-01 ];
omc_error_18 = [ 2.324212e-03 ; 4.103567e-03 ; 6.947496e-03 ];
Tc_error_18  = [ 9.229461e-04 ; 7.724781e-04 ; 1.230702e-03 ];

%-- Image #19:
omc_19 = [ -2.494364e-02 ; -2.453417e+00 ; -5.056475e-01 ];
Tc_19  = [ 2.699943e-01 ; -2.150611e-01 ; 2.238427e-01 ];
omc_error_19 = [ 2.295904e-03 ; 4.066680e-03 ; 6.880415e-03 ];
Tc_error_19  = [ 9.096727e-04 ; 7.657982e-04 ; 1.220896e-03 ];

%-- Image #20:
omc_20 = [ 1.235279e-01 ; -2.558151e+00 ; 8.392103e-01 ];
Tc_20  = [ 3.145326e-01 ; 5.251931e-02 ; 3.338543e-01 ];
omc_error_20 = [ 1.965018e-03 ; 4.174553e-03 ; 6.045370e-03 ];
Tc_error_20  = [ 8.837645e-04 ; 9.020385e-04 ; 1.232413e-03 ];

%-- Image #21:
omc_21 = [ 1.487045e-01 ; -2.535883e+00 ; 8.457047e-01 ];
Tc_21  = [ 3.263563e-01 ; 5.874740e-02 ; 3.231389e-01 ];
omc_error_21 = [ 2.029872e-03 ; 4.248166e-03 ; 6.047739e-03 ];
Tc_error_21  = [ 8.709296e-04 ; 8.942751e-04 ; 1.244675e-03 ];

%-- Image #22:
omc_22 = [ -2.698460e-02 ; -2.717068e+00 ; 8.694965e-01 ];
Tc_22  = [ 2.331780e-01 ; -2.193467e-02 ; 4.453605e-01 ];
omc_error_22 = [ 1.715196e-03 ; 4.171544e-03 ; 5.785283e-03 ];
Tc_error_22  = [ 1.024141e-03 ; 1.017815e-03 ; 1.317401e-03 ];

%-- Image #23:
omc_23 = [ 5.935977e-02 ; -3.001079e+00 ; 3.783128e-01 ];
Tc_23  = [ 1.435018e-01 ; -8.365236e-02 ; 2.450096e-01 ];
omc_error_23 = [ 9.180107e-04 ; 2.435041e-03 ; 4.032697e-03 ];
Tc_error_23  = [ 5.685677e-04 ; 5.339918e-04 ; 7.301945e-04 ];

%-- Image #24:
